{
  "currentFrameRate": 55.3274,
  "devices": [],
  "gestures": [],
  "hands": [
    {
      "armBasis": [
        [
          0.882817,
          -0.191406,
          -0.428950
        ],
        [
          0.392433,
          0.802398,
          0.449615
        ],
        [
          0.258130,
          -0.565262,
          0.783484
        ]
      ],
      "armWidth": 54.8989,
      "confidence": 0.582141,
      "direction": [
        0.197554,
        0.594020,
        -0.779816
      ],
      "elbow": [
        68.7087,
        -35.5669,
        241.512
      ],
      "grabStrength": 0.00000,
      "id": 163,
      "palmNormal": [
        -0.359752,
        -0.696058,
        -0.621355
      ],
      "palmPosition": [
        10.5253,
        123.620,
        21.1628
      ],
      "palmVelocity": [
        10.9199,
        -14.6937,
        -10.8075
      ],
      "palmWidth": 78.3938,
      "pinchStrength": 0.00000,
      "r": [
        [
          0.989876,
          -0.0299928,
          0.138729
        ],
        [
          -0.0280787,
          0.916720,
          0.398543
        ],
        [
          -0.139129,
          -0.398403,
          0.906597
        ]
      ],
      "s": 1.20645,
      "sphereCenter": [
        16.6122,
        14.6512,
        -72.8336
      ],
      "sphereRadius": 145.266,
      "stabilizedPalmPosition": [
        11.6339,
        119.145,
        22.8736
      ],
      "t": [
        89.4621,
        25.9776,
        -69.3976
      ],
      "timeVisible": 1.86192,
      "type": "right",
      "wrist": [
        8.66199,
        95.9258,
        59.2556
      ]
    }
  ],
  "id": 405999,
  "interactionBox": {
    "center": [
      0.00000,
      200.000,
      0.00000
    ],
    "size": [
      235.247,
      235.247,
      147.751
    ]
  },
  "pointables": [
    {
      "bases": [
        [
          [
            0.727265,
            0.576202,
            0.372930
          ],
          [
            -0.650099,
            0.404029,
            0.643531
          ],
          [
            0.220129,
            -0.710459,
            0.668424
          ]
        ],
        [
          [
            0.584791,
            0.806799,
            0.0842264
          ],
          [
            -0.699448,
            0.448927,
            0.556090
          ],
          [
            0.410842,
            -0.384109,
            0.826843
          ]
        ],
        [
          [
            0.584791,
            0.806799,
            0.0842264
          ],
          [
            -0.692809,
            0.442745,
            0.569203
          ],
          [
            0.421942,
            -0.391218,
            0.817871
          ]
        ],
        [
          [
            0.584791,
            0.806799,
            0.0842264
          ],
          [
            -0.707540,
            0.456533,
            0.539412
          ],
          [
            0.396745,
            -0.375037,
            0.837819
          ]
        ]
      ],
      "btipPosition": [
        -55.7292,
        133.177,
        -18.8348
      ],
      "carpPosition": [
        -17.6654,
        97.6032,
        57.6444
      ],
      "dipPosition": [
        -47.7294,
        125.615,
        -1.94125
      ],
      "direction": [
        -0.421942,
        0.391218,
        -0.817871
      ],
      "extended": true,
      "handId": 163,
      "id": 1630,
      "length": 44.9016,
      "mcpPosition": [
        -17.6654,
        97.6032,
        57.6444
      ],
      "pipPosition": [
        -35.3346,
        114.123,
        22.0842
      ],
      "stabilizedTipPosition": [
        -53.6408,
        130.711,
        -15.3713
      ],
      "timeVisible": 1.86192,
      "tipPosition": [
        -51.5909,
        130.556,
        -15.9866
      ],
      "tipVelocity": [
        -105.446,
        171.730,
        106.479
      ],
      "tool": false,
      "touchDistance": -0.179425,
      "touchZone": "touching",
      "type": 0,
      "width": 17.4467
    },
    {
      "bases": [
        [
          [
            0.932118,
            -0.297829,
            -0.206042
          ],
          [
            0.361949,
            0.785268,
            0.502342
          ],
          [
            0.0121857,
            -0.542819,
            0.839761
          ]
        ],
        [
          [
            0.924659,
            -0.370829,
            -0.0865546
          ],
          [
            0.367017,
            0.807281,
            0.462165
          ],
          [
            -0.101510,
            -0.459112,
            0.882560
          ]
        ],
        [
          [
            0.924659,
            -0.370829,
            -0.0865546
          ],
          [
            0.379482,
            0.878485,
            0.290271
          ],
          [
            -0.0316037,
            -0.301247,
            0.953022
          ]
        ],
        [
          [
            0.924659,
            -0.370829,
            -0.0865546
          ],
          [
            0.380023,
            0.913100,
            0.147750
          ],
          [
            0.0242431,
            -0.169511,
            0.985230
          ]
        ]
      ],
      "btipPosition": [
        -0.160755,
        172.172,
        -59.8517
      ],
      "carpPosition": [
        -3.44701,
        112.003,
        60.3934
      ],
      "dipPosition": [
        0.196112,
        169.677,
        -45.3488
      ],
      "direction": [
        0.0316037,
        0.301247,
        -0.953022
      ],
      "extended": true,
      "handId": 163,
      "id": 1631,
      "length": 50.6665,
      "mcpPosition": [
        -4.21940,
        146.410,
        7.16515
      ],
      "pipPosition": [
        -0.462015,
        163.404,
        -25.5027
      ],
      "stabilizedTipPosition": [
        -0.0947599,
        171.575,
        -56.5215
      ],
      "timeVisible": 1.86192,
      "tipPosition": [
        -0.902801,
        168.758,
        -56.9217
      ],
      "tipVelocity": [
        49.6159,
        124.950,
        29.6343
      ],
      "tool": false,
      "touchDistance": -0.225028,
      "touchZone": "touching",
      "type": 1,
      "width": 16.6651
    },
    {
      "bases": [
        [
          [
            0.849742,
            -0.497904,
            -0.173291
          ],
          [
            0.514504,
            0.711503,
            0.478591
          ],
          [
            -0.114996,
            -0.495838,
            0.860767
          ]
        ],
        [
          [
            0.799882,
            -0.599350,
            0.0311264
          ],
          [
            0.495524,
            0.688800,
            0.529160
          ],
          [
            -0.338592,
            -0.407842,
            0.847951
          ]
        ],
        [
          [
            0.799882,
            -0.599350,
            0.0311264
          ],
          [
            0.540311,
            0.741726,
            0.397375
          ],
          [
            -0.261254,
            -0.301035,
            0.917128
          ]
        ],
        [
          [
            0.799882,
            -0.599350,
            0.0311264
          ],
          [
            0.567961,
            0.772711,
            0.283439
          ],
          [
            -0.193931,
            -0.209039,
            0.958485
          ]
        ]
      ],
      "btipPosition": [
        37.3737,
        167.806,
        -66.4001
      ],
      "carpPosition": [
        6.85984,
        110.305,
        58.5416
      ],
      "dipPosition": [
        34.2338,
        164.422,
        -50.8818
      ],
      "direction": [
        0.261254,
        0.301035,
        -0.917128
      ],
      "extended": true,
      "handId": 163,
      "id": 1632,
      "length": 57.7304,
      "mcpPosition": [
        13.7722,
        140.109,
        6.80119
      ],
      "pipPosition": [
        27.8332,
        157.046,
        -28.4123
      ],
      "stabilizedTipPosition": [
        36.4832,
        167.230,
        -62.7387
      ],
      "timeVisible": 1.86192,
      "tipPosition": [
        35.0440,
        164.962,
        -63.5137
      ],
      "tipVelocity": [
        62.8316,
        -22.7822,
        -14.7516
      ],
      "tool": false,
      "touchDistance": 0.371950,
      "touchZone": "hovering",
      "type": 2,
      "width": 16.3673
    },
    {
      "bases": [
        [
          [
            0.782338,
            -0.617654,
            -0.0803148
          ],
          [
            0.569971,
            0.657943,
            0.492183
          ],
          [
            -0.251156,
            -0.430831,
            0.866779
          ]
        ],
        [
          [
            0.708239,
            -0.697084,
            0.111677
          ],
          [
            0.531671,
            0.630734,
            0.565244
          ],
          [
            -0.464461,
            -0.340952,
            0.817329
          ]
        ],
        [
          [
            0.708239,
            -0.697084,
            0.111677
          ],
          [
            0.592491,
            0.672922,
            0.442867
          ],
          [
            -0.383866,
            -0.247488,
            0.889605
          ]
        ],
        [
          [
            0.708239,
            -0.697084,
            0.111677
          ],
          [
            0.633468,
            0.697328,
            0.335339
          ],
          [
            -0.311635,
            -0.166756,
            0.935455
          ]
        ]
      ],
      "btipPosition": [
        61.9020,
        150.930,
        -58.0527
      ],
      "carpPosition": [
        16.2901,
        105.963,
        56.4793
      ],
      "dipPosition": [
        56.8855,
        148.246,
        -42.9942
      ],
      "direction": [
        0.383866,
        0.247488,
        -0.889605
      ],
      "extended": true,
      "handId": 163,
      "id": 1633,
      "length": 55.5093,
      "mcpPosition": [
        29.8446,
        129.214,
        9.70061
      ],
      "pipPosition": [
        47.7237,
        142.339,
        -21.7620
      ],
      "stabilizedTipPosition": [
        60.6791,
        151.023,
        -54.2978
      ],
      "timeVisible": 1.86192,
      "tipPosition": [
        58.9374,
        148.856,
        -55.3247
      ],
      "tipVelocity": [
        29.4571,
        -135.190,
        -56.1996
      ],
      "tool": false,
      "touchDistance": 0.325184,
      "touchZone": "hovering",
      "type": 3,
      "width": 15.5745
    },
    {
      "bases": [
        [
          [
            0.643010,
            -0.763530,
            -0.0596663
          ],
          [
            0.660272,
            0.513201,
            0.548331
          ],
          [
            -0.388046,
            -0.391978,
            0.834130
          ]
        ],
        [
          [
            0.447670,
            -0.855164,
            0.261315
          ],
          [
            0.654543,
            0.512488,
            0.555814
          ],
          [
            -0.609233,
            -0.0777791,
            0.789167
          ]
        ],
        [
          [
            0.447670,
            -0.855164,
            0.261315
          ],
          [
            0.764800,
            0.517594,
            0.383637
          ],
          [
            -0.463328,
            0.0281110,
            0.885741
          ]
        ],
        [
          [
            0.447670,
            -0.855164,
            0.261315
          ],
          [
            0.830310,
            0.506017,
            0.233523
          ],
          [
            -0.331930,
            0.112431,
            0.936580
          ]
        ]
      ],
      "btipPosition": [
        73.5945,
        115.963,
        -41.2777
      ],
      "carpPosition": [
        22.9117,
        96.1544,
        53.2698
      ],
      "dipPosition": [
        68.6652,
        117.633,
        -27.3689
      ],
      "direction": [
        0.463328,
        -0.0281110,
        -0.885741
      ],
      "extended": true,
      "handId": 163,
      "id": 1634,
      "length": 43.5183,
      "mcpPosition": [
        42.2977,
        115.737,
        11.5983
      ],
      "pipPosition": [
        60.8575,
        118.106,
        -12.4431
      ],
      "stabilizedTipPosition": [
        72.7473,
        118.501,
        -37.4008
      ],
      "timeVisible": 1.86192,
      "tipPosition": [
        70.1036,
        116.108,
        -38.7772
      ],
      "tipVelocity": [
        -10.9070,
        -178.274,
        -53.7928
      ],
      "tool": false,
      "touchDistance": 0.255641,
      "touchZone": "hovering",
      "type": 4,
      "width": 13.8345
    }
  ],
  "r": [
    [
      0.989876,
      -0.0299928,
      0.138729
    ],
    [
      -0.0280787,
      0.916720,
      0.398543
    ],
    [
      -0.139129,
      -0.398403,
      0.906597
    ]
  ],
  "s": 1.20645,
  "t": [
    89.4621,
    25.9776,
    -69.3976
  ],
  "timestamp": 643792078912
}